0.128713
0.514851
0.673267
0.148515
0.574257
0.851485
0.683168
0.178218
0.663366
0.118812
0.485149
0.584158
0.881188
0.772277
0.445545
0.465347
0.524752
0.702970
0.237624
0.841584
0.653465
0.089109
0.396040
0.316832
0.079208
0.366337
0.227723
0.811881
0.564356
0.821782
0.594059
0.910891
0.861386
0.712871
0.267327
0.930693
0.920792
0.891089
0.801980
0.534653
0.732673
0.326733
0.108911
0.455446
0.495050
0.613861
0.970297
0.039604
0.247525
0.871287
0.742574
0.356436
0.198020
0.722772
0.297030
0.019802
0.188119
0.693069
0.207921
0.752475
0.386139
0.287129
0.990099
0.099010
0.425743
0.405941
0.346535
0.168317
0.633663
0.029703
0.217822
0.782178
0.475248
0.554455
0.792079
0.504950
0.643564
0.059406
0.306931
0.049505
0.277228
0.960396
0.009901
0.158416
0.603960
0.940594
0.950495
0.980198
0.069307
0.336634
0.138614
0.544554
0.762376
0.415842
0.376238
0.257426
0.900990
0.831683
0.623762
0.000000
